a1_CB =  0.93906 +/- 1.1824 L(0 - 5) 
a2_CB =  4.0214 +/- 2.9381 L(0 - 5) 
mean_CB =  0.64342 +/- 0.16635 L(-50 - 1) 
n1_CB =  1.2329 +/- 1.4762 L(0 - 5) 
n2_CB =  2.4231 +/- 18.776 L(0 - 20) 
sigma_CB =  0.29465 +/- 0.15678 L(0 - 500) 
