a1_CB =  0.00082213 +/- 0.0031670 L(0 - 5) 
a2_CB =  0.00052482 +/- 0.0012617 L(0 - 5) 
mean_CB = -0.745707 +/- 45.834 L(-50 - 1) 
n1_CB =  4.8703 +/- 0.075229 L(0 - 5) 
n2_CB =  13.406 +/- 0.90580 L(0 - 20) 
sigma_CB =  0.0017096 +/- 0.0013125 L(0 - 500) 
